# two_theta intensity
10.0000 0.06533705
10.0700 0.06528396
10.1400 0.06523538
10.2100 0.06519133
10.2800 0.06515180
10.3500 0.06511683
10.4200 0.06508641
10.4900 0.06506056
10.5600 0.06503928
10.6300 0.06502259
10.7000 0.06501048
10.7700 0.06500297
10.8400 0.06500004
10.9100 0.06500171
10.9800 0.06500798
11.0500 0.06501883
11.1200 0.06503427
11.1900 0.06505430
11.2600 0.06507890
11.3300 0.06510807
11.4000 0.06514180
11.4700 0.06518008
11.5400 0.06522290
11.6100 0.06527025
11.6800 0.06532211
11.7500 0.06537846
11.8200 0.06543929
11.8900 0.06550458
11.9600 0.06557431
12.0300 0.06564845
12.1000 0.06572699
12.1700 0.06580990
12.2400 0.06589716
12.3100 0.06598874
12.3800 0.06608461
12.4500 0.06618473
12.5200 0.06628909
12.5900 0.06639765
12.6600 0.06651038
12.7300 0.06662723
12.8000 0.06674818
12.8700 0.06687319
12.9400 0.06700222
13.0100 0.06713523
13.0800 0.06727217
13.1500 0.06741302
13.2200 0.06755772
13.2900 0.06770623
13.3600 0.06785851
13.4300 0.06801450
13.5000 0.06817417
13.5700 0.06833746
13.6400 0.06850431
13.7100 0.06867469
13.7800 0.06884854
13.8500 0.06902580
13.9200 0.06920642
13.9900 0.06939035
14.0600 0.06957753
14.1300 0.06976790
14.2000 0.06996140
14.2700 0.07015798
14.3400 0.07035757
14.4100 0.07056011
14.4800 0.07076555
14.5500 0.07097381
14.6200 0.07118484
14.6900 0.07139856
14.7600 0.07161493
14.8300 0.07183385
14.9000 0.07205528
14.9700 0.07227915
15.0400 0.07250537
15.1100 0.07273389
15.1800 0.07296464
15.2500 0.07319754
15.3200 0.07343253
15.3900 0.07366952
15.4600 0.07390846
15.5300 0.07414926
15.6000 0.07439185
15.6700 0.07463616
15.7400 0.07488211
15.8100 0.07512963
15.8800 0.07537864
15.9500 0.07562907
16.0200 0.07588083
16.0900 0.07613386
16.1600 0.07638807
16.2300 0.07664338
16.3000 0.07689973
16.3700 0.07715702
16.4400 0.07741519
16.5100 0.07767414
16.5800 0.07793381
16.6500 0.07819411
16.7200 0.07845497
16.7900 0.07871629
16.8600 0.07897801
16.9300 0.07924005
17.0000 0.07950231
17.0700 0.07976473
17.1400 0.08002722
17.2100 0.08028970
17.2800 0.08055210
17.3500 0.08081432
17.4200 0.08107629
17.4900 0.08133794
17.5600 0.08159918
17.6300 0.08185992
17.7000 0.08212010
17.7700 0.08237962
17.8400 0.08263842
17.9100 0.08289641
17.9800 0.08315352
18.0500 0.08340965
18.1200 0.08366475
18.1900 0.08391872
18.2600 0.08417149
18.3300 0.08442298
18.4000 0.08467312
18.4700 0.08492183
18.5400 0.08516903
18.6100 0.08541465
18.6800 0.08565861
18.7500 0.08590083
18.8200 0.08614125
18.8900 0.08637979
18.9600 0.08661637
19.0300 0.08685093
19.1000 0.08708339
19.1700 0.08731369
19.2400 0.08754174
19.3100 0.08776748
19.3800 0.08799084
19.4500 0.08821176
19.5200 0.08843016
19.5900 0.08864598
19.6600 0.08885915
19.7300 0.08906962
19.8000 0.08927737
19.8700 0.08948284
19.9400 0.08968928
20.0100 0.08991606
20.0800 0.09025903
20.1500 0.09111569
20.2200 0.09386143
20.2900 0.10242360
20.3600 0.12589175
20.4300 0.18074871
20.5000 0.28863449
20.5700 0.46482220
20.6400 0.69877138
20.7100 0.94047835
20.7800 1.11174300
20.8500 1.14549509
20.9200 1.02762009
20.9900 0.80638164
21.0600 0.56103354
21.1300 0.35692985
21.2000 0.22092813
21.2700 0.14632255
21.3400 0.11217167
21.4100 0.09905138
21.4800 0.09483923
21.5500 0.09375293
21.6200 0.09358293
21.6900 0.09363691
21.7600 0.09373459
21.8300 0.09383659
21.9000 0.09393565
21.9700 0.09403061
22.0400 0.09412129
22.1100 0.09420765
22.1800 0.09428966
22.2500 0.09436729
22.3200 0.09444052
22.3900 0.09450933
22.4600 0.09457369
22.5300 0.09463360
22.6000 0.09468902
22.6700 0.09473994
22.7400 0.09478635
22.8100 0.09482823
22.8800 0.09486557
22.9500 0.09489836
23.0200 0.09492658
23.0900 0.09495023
23.1600 0.09496931
23.2300 0.09498380
23.3000 0.09499370
23.3700 0.09499901
23.4400 0.09499973
23.5100 0.09499585
23.5800 0.09498738
23.6500 0.09497432
23.7200 0.09495668
23.7900 0.09493446
23.8600 0.09490766
23.9300 0.09487629
24.0000 0.09484037
24.0700 0.09479991
24.1400 0.09475491
24.2100 0.09470540
24.2800 0.09465138
24.3500 0.09459287
24.4200 0.09452990
24.4900 0.09446248
24.5600 0.09439062
24.6300 0.09431436
24.7000 0.09423372
24.7700 0.09414872
24.8400 0.09405938
24.9100 0.09396574
24.9800 0.09386782
25.0500 0.09376566
25.1200 0.09365928
25.1900 0.09354871
25.2600 0.09343400
25.3300 0.09331517
25.4000 0.09319227
25.4700 0.09306532
25.5400 0.09293438
25.6100 0.09279947
25.6800 0.09266064
25.7500 0.09251794
25.8200 0.09237140
25.8900 0.09222108
25.9600 0.09206701
26.0300 0.09190924
26.1000 0.09174783
26.1700 0.09158282
26.2400 0.09141427
26.3100 0.09124222
26.3800 0.09106672
26.4500 0.09088784
26.5200 0.09070562
26.5900 0.09052013
26.6600 0.09033141
26.7300 0.09013953
26.8000 0.08994454
26.8700 0.08974651
26.9400 0.08954549
27.0100 0.08934155
27.0800 0.08913475
27.1500 0.08892515
27.2200 0.08871282
27.2900 0.08849782
27.3600 0.08828021
27.4300 0.08806008
27.5000 0.08783747
27.5700 0.08761246
27.6400 0.08738512
27.7100 0.08715553
27.7800 0.08692376
27.8500 0.08669004
27.9200 0.08645533
27.9900 0.08622474
28.0600 0.08602273
28.1300 0.08595139
28.2000 0.08637819
28.2700 0.08843499
28.3400 0.09507662
28.4100 0.11274511
28.4800 0.15286415
28.5500 0.23101060
28.6200 0.36096805
28.6900 0.54325205
28.7600 0.75366477
28.8300 0.94248377
28.9000 1.05144750
28.9700 1.04231642
29.0400 0.91830845
29.1100 0.72223248
29.1800 0.51277605
29.2500 0.33663128
29.3200 0.21404812
29.3900 0.14181123
29.4600 0.10528020
29.5300 0.08925174
29.6000 0.08304906
29.6700 0.08084044
29.7400 0.08002225
29.8100 0.07962128
29.8800 0.07932878
29.9500 0.07906091
30.0200 0.07879812
30.0900 0.07853652
30.1600 0.07827549
30.2300 0.07801501
30.3000 0.07775513
30.3700 0.07749595
30.4400 0.07723753
30.5100 0.07697995
30.5800 0.07672331
30.6500 0.07646766
30.7200 0.07621310
30.7900 0.07595969
30.8600 0.07570753
30.9300 0.07545667
31.0000 0.07520721
31.0700 0.07495922
31.1400 0.07471277
31.2100 0.07446794
31.2800 0.07422480
31.3500 0.07398344
31.4200 0.07374391
31.4900 0.07350630
31.5600 0.07327068
31.6300 0.07303712
31.7000 0.07280569
31.7700 0.07257647
31.8400 0.07234952
31.9100 0.07212491
31.9800 0.07190272
32.0500 0.07168300
32.1200 0.07146583
32.1900 0.07125127
32.2600 0.07103940
32.3300 0.07083026
32.4000 0.07062394
32.4700 0.07042049
32.5400 0.07021997
32.6100 0.07002244
32.6800 0.06982797
32.7500 0.06963662
32.8200 0.06944844
32.8900 0.06926349
32.9600 0.06908183
33.0300 0.06890351
33.1000 0.06872860
33.1700 0.06855713
33.2400 0.06838917
33.3100 0.06822476
33.3800 0.06806396
33.4500 0.06790681
33.5200 0.06775337
33.5900 0.06760368
33.6600 0.06745778
33.7300 0.06731573
33.8000 0.06717756
33.8700 0.06704332
33.9400 0.06691304
34.0100 0.06678677
34.0800 0.06666455
34.1500 0.06654641
34.2200 0.06643240
34.2900 0.06632253
34.3600 0.06621686
34.4300 0.06611541
34.5000 0.06601824
34.5700 0.06592550
34.6400 0.06583795
34.7100 0.06575919
34.7800 0.06570489
34.8500 0.06573537
34.9200 0.06605508
34.9900 0.06727001
35.0600 0.07094158
35.1300 0.08053111
35.2000 0.10253356
35.2700 0.14695745
35.3400 0.22563055
35.4100 0.34700947
35.4800 0.50821036
35.5500 0.68839991
35.6200 0.84968700
35.6900 0.94886070
35.7600 0.95588618
35.8300 0.86854212
35.9000 0.71354751
35.9700 0.53340518
36.0400 0.36772680
36.1100 0.24008126
36.1800 0.15562033
36.2500 0.10699015
36.3200 0.08243973
36.3900 0.07152488
36.4600 0.06724607
36.5300 0.06577558
36.6000 0.06534727
36.6700 0.06526127
36.7400 0.06527685
36.8100 0.06532162
36.8800 0.06537645
36.9500 0.06543687
37.0200 0.06550194
37.0900 0.06557149
37.1600 0.06564547
37.2300 0.06572383
37.3000 0.06580658
37.3700 0.06589366
37.4400 0.06598507
37.5100 0.06608077
37.5800 0.06618073
37.6500 0.06628493
37.7200 0.06639332
37.7900 0.06650588
37.8600 0.06662258
37.9300 0.06674337
38.0000 0.06686822
38.0700 0.06699709
38.1400 0.06712994
38.2100 0.06726674
38.2800 0.06740743
38.3500 0.06755198
38.4200 0.06770035
38.4900 0.06785248
38.5600 0.06800833
38.6300 0.06816785
38.7000 0.06833099
38.7700 0.06849771
38.8400 0.06866796
38.9100 0.06884167
38.9800 0.06901880
39.0500 0.06919929
39.1200 0.06938309
39.1900 0.06957014
39.2600 0.06976039
39.3300 0.06995377
39.4000 0.07015022
39.4700 0.07034970
39.5400 0.07055213
39.6100 0.07075745
39.6800 0.07096560
39.7500 0.07117652
39.8200 0.07139014
39.8900 0.07160640
39.9600 0.07182523
40.0300 0.07204657
40.1000 0.07227033
40.1700 0.07249647
40.2400 0.07272490
40.3100 0.07295556
40.3800 0.07318838
40.4500 0.07342329
40.5200 0.07366021
40.5900 0.07389907
40.6600 0.07413979
40.7300 0.07438232
40.8000 0.07462656
40.8700 0.07487245
40.9400 0.07511991
41.0100 0.07536886
41.0800 0.07561924
41.1500 0.07587095
41.2200 0.07612393
41.2900 0.07637809
41.3600 0.07663337
41.4300 0.07688967
41.5000 0.07714693
41.5700 0.07740506
41.6400 0.07766399
41.7100 0.07792363
41.7800 0.07818391
41.8500 0.07844474
41.9200 0.07870605
41.9900 0.07896776
42.0600 0.07922978
42.1300 0.07949204
42.2000 0.07975445
42.2700 0.08001694
42.3400 0.08027942
42.4100 0.08054182
42.4800 0.08080406
42.5500 0.08106604
42.6200 0.08132770
42.6900 0.08158895
42.7600 0.08184972
42.8300 0.08210992
42.9000 0.08236947
42.9700 0.08262830
43.0400 0.08288633
43.1100 0.08314347
43.1800 0.08339964
43.2500 0.08365478
43.3200 0.08390879
43.3900 0.08416161
43.4600 0.08441316
43.5300 0.08466335
43.6000 0.08491212
43.6700 0.08515938
43.7400 0.08540506
43.8100 0.08564908
43.8800 0.08589138
43.9500 0.08613187
44.0200 0.08637048
44.0900 0.08660715
44.1600 0.08684179
44.2300 0.08707433
44.3000 0.08730471
44.3700 0.08753285
44.4400 0.08775868
44.5100 0.08798214
44.5800 0.08820315
44.6500 0.08842166
44.7200 0.08863758
44.7900 0.08885085
44.8600 0.08906142
44.9300 0.08926921
45.0000 0.08947416
45.0700 0.08967622
45.1400 0.08987530
45.2100 0.09007137
45.2800 0.09026435
45.3500 0.09045418
45.4200 0.09064082
45.4900 0.09082419
45.5600 0.09100426
45.6300 0.09118095
45.7000 0.09135421
45.7700 0.09152400
45.8400 0.09169027
45.9100 0.09185295
45.9800 0.09201200
46.0500 0.09216737
46.1200 0.09231902
46.1900 0.09246689
46.2600 0.09261094
46.3300 0.09275114
46.4000 0.09288743
46.4700 0.09301977
46.5400 0.09314812
46.6100 0.09327245
46.6800 0.09339272
46.7500 0.09350888
46.8200 0.09362090
46.8900 0.09372876
46.9600 0.09383241
47.0300 0.09393182
47.1000 0.09402697
47.1700 0.09411782
47.2400 0.09420435
47.3100 0.09428653
47.3800 0.09436433
47.4500 0.09443773
47.5200 0.09450672
47.5900 0.09457126
47.6600 0.09463133
47.7300 0.09468693
47.8000 0.09473803
47.8700 0.09478462
47.9400 0.09482667
48.0100 0.09486419
48.0800 0.09489716
48.1500 0.09492556
48.2200 0.09494939
48.2900 0.09496865
48.3600 0.09498332
48.4300 0.09499340
48.5000 0.09499889
48.5700 0.09499979
48.6400 0.09499609
48.7100 0.09498780
48.7800 0.09497492
48.8500 0.09495746
48.9200 0.09493541
48.9900 0.09490881
49.0600 0.09487771
49.1300 0.09484241
49.2000 0.09480431
49.2700 0.09476919
49.3400 0.09475869
49.4100 0.09484559
49.4800 0.09524804
49.5500 0.09654704
49.6200 0.10010889
49.6900 0.10874527
49.7600 0.12744664
49.8300 0.16365651
49.9000 0.22619564
49.9700 0.32205355
50.0400 0.45130925
50.1100 0.60227738
50.1800 0.75037441
50.2500 0.86343559
50.3200 0.91274364
50.3900 0.88479525
50.4600 0.78726355
50.5300 0.64558069
50.6000 0.49220722
50.6700 0.35473829
50.7400 0.24868030
50.8100 0.17691280
50.8800 0.13385614
50.9500 0.11078477
51.0200 0.09966861
51.0900 0.09480396
51.1600 0.09282519
51.2300 0.09202930
51.3000 0.09166486
51.3700 0.09143975
51.4400 0.09125327
51.5100 0.09107453
51.5800 0.09089507
51.6500 0.09071285
51.7200 0.09052745
51.7900 0.09033886
51.8600 0.09014710
51.9300 0.08995223
52.0000 0.08975432
52.0700 0.08955342
52.1400 0.08934959
52.2100 0.08914290
52.2800 0.08893341
52.3500 0.08872118
52.4200 0.08850629
52.4900 0.08828878
52.5600 0.08806874
52.6300 0.08784623
52.7000 0.08762132
52.7700 0.08739407
52.8400 0.08716456
52.9100 0.08693285
52.9800 0.08669902
53.0500 0.08646314
53.1200 0.08622528
53.1900 0.08598551
53.2600 0.08574391
53.3300 0.08550055
53.4000 0.08525551
53.4700 0.08500886
53.5400 0.08476067
53.6100 0.08451103
53.6800 0.08426000
53.7500 0.08400767
53.8200 0.08375411
53.8900 0.08349940
53.9600 0.08324362
54.0300 0.08298685
54.1000 0.08272916
54.1700 0.08247064
54.2400 0.08221136
54.3100 0.08195140
54.3800 0.08169085
54.4500 0.08142978
54.5200 0.08116826
54.5900 0.08090640
54.6600 0.08064425
54.7300 0.08038191
54.8000 0.08011945
54.8700 0.07985695
54.9400 0.07959450
55.0100 0.07933217
55.0800 0.07907005
55.1500 0.07880821
55.2200 0.07854673
55.2900 0.07828570
55.3600 0.07802520
55.4300 0.07776530
55.5000 0.07750608
55.5700 0.07724763
55.6400 0.07699002
55.7100 0.07673334
55.7800 0.07647765
55.8500 0.07622304
55.9200 0.07596959
55.9900 0.07571738
56.0600 0.07546647
56.1300 0.07521695
56.2000 0.07496890
56.2700 0.07472239
56.3400 0.07447750
56.4100 0.07423429
56.4800 0.07399285
56.5500 0.07375326
56.6200 0.07351557
56.6900 0.07327987
56.7600 0.07304623
56.8300 0.07281472
56.9000 0.07258540
56.9700 0.07235836
57.0400 0.07213366
57.1100 0.07191137
57.1800 0.07169156
57.2500 0.07147429
57.3200 0.07125963
57.3900 0.07104764
57.4600 0.07083840
57.5300 0.07063197
57.6000 0.07042840
57.6700 0.07022776
57.7400 0.07003012
57.8100 0.06983553
57.8800 0.06964406
57.9500 0.06945575
58.0200 0.06927067
58.0900 0.06908888
58.1600 0.06891043
58.2300 0.06873538
58.3000 0.06856378
58.3700 0.06839568
58.4400 0.06823113
58.5100 0.06807019
58.5800 0.06791290
58.6500 0.06775931
58.7200 0.06760947
58.7900 0.06746342
58.8600 0.06732122
58.9300 0.06718290
59.0000 0.06704850
59.0700 0.06691807
59.1400 0.06679164
59.2100 0.06666926
59.2800 0.06655096
59.3500 0.06643678
59.4200 0.06632676
59.4900 0.06622092
59.5600 0.06611930
59.6300 0.06602193
59.7000 0.06592885
59.7700 0.06584007
59.8400 0.06575563
59.9100 0.06567555
59.9800 0.06559986
60.0500 0.06552857
60.1200 0.06546172
60.1900 0.06539932
60.2600 0.06534140
60.3300 0.06528796
60.4000 0.06523902
60.4700 0.06519461
60.5400 0.06515473
60.6100 0.06511940
60.6800 0.06508863
60.7500 0.06506242
60.8200 0.06504079
60.8900 0.06502373
60.9600 0.06501127
61.0300 0.06500339
61.1000 0.06500011
61.1700 0.06500142
61.2400 0.06500732
61.3100 0.06501781
61.3800 0.06503290
61.4500 0.06505256
61.5200 0.06507681
61.5900 0.06510562
61.6600 0.06513900
61.7300 0.06517692
61.8000 0.06521939
61.8700 0.06526638
61.9400 0.06531788
62.0100 0.06537388
62.0800 0.06543436
62.1500 0.06549930
62.2200 0.06556869
62.2900 0.06564249
62.3600 0.06572068
62.4300 0.06580325
62.5000 0.06589017
62.5700 0.06598141
62.6400 0.06607694
62.7100 0.06617674
62.7800 0.06628077
62.8500 0.06638900
62.9200 0.06650140
62.9900 0.06661793
63.0600 0.06673856
63.1300 0.06686325
63.2000 0.06699197
63.2700 0.06712467
63.3400 0.06726131
63.4100 0.06740185
63.4800 0.06754625
63.5500 0.06769447
63.6200 0.06784645
63.6900 0.06800215
63.7600 0.06816153
63.8300 0.06832454
63.9000 0.06849112
63.9700 0.06866122
64.0400 0.06883480
64.1100 0.06901180
64.1800 0.06919216
64.2500 0.06937583
64.3200 0.06956275
64.3900 0.06975288
64.4600 0.06994614
64.5300 0.07014247
64.6000 0.07034183
64.6700 0.07054415
64.7400 0.07074936
64.8100 0.07095740
64.8800 0.07116821
64.9500 0.07138173
65.0200 0.07159789
65.0900 0.07181662
65.1600 0.07203785
65.2300 0.07226153
65.3000 0.07248757
65.3700 0.07271591
65.4400 0.07294649
65.5100 0.07317923
65.5800 0.07341405
65.6500 0.07365089
65.7200 0.07388968
65.7900 0.07413033
65.8600 0.07437279
65.9300 0.07461696
